1000
46 74 16
41 67 73
77 88 1
93 6 84
82 32 14
33 55 85
3 8 88
21 80 63
16 58 27
44 71 96
89 8 11
87 63 13
6 57 10
31 11 98
61 11 61
72 15 93
93 62 100
76 21 60
0 89 69
52 56 84
14 98 61
30 25 5
73 67 79
60 34 72
93 81 97
83 62 4
79 6 30
51 76 26
74 76 22
8 20 80
58 63 62
11 30 40
76 10 62
34 26 6
98 31 67
25 25 97
75 91 13
40 5 31
16 46 80
84 30 23
17 37 79
28 81 52
99 10 38
34 59 57
28 14 70
19 54 59
67 67 62
94 53 82
10 55 4
28 37 95
5 92 68
73 5 80
93 94 28
84 79 48
54 86 32
55 82 52
52 71 59
0 68 90
27 69 53
46 25 23
48 100 27
88 7 40
34 72 75
74 9 58
1 81 66
99 8 69
88 45 37
97 48 53
31 15 100
90 47 68
55 47 53
92 10 71
51 65 58
11 78 3
46 18 82
33 34 86
99 35 58
78 28 15
45 19 56
1 54 73
13 9 38
61 6 25
60 29 94
9 72 95
55 77 36
52 27 3
100 18 7
100 31 11
51 32 31
78 23 25
0 55 55
2 67 55
59 22 76
15 81 62
52 68 11
19 25 7
54 53 91
36 98 30
48 16 37
66 43 12
97 14 17
34 68 35
95 61 13
61 29 41
81 8 37
47 74 14
34 9 32
83 53 23
84 63 23
65 81 74
10 28 72
63 73 6
19 77 96
56 91 37
87 22 56
48 64 69
22 21 46
99 70 27
39 72 57
50 22 86
100 61 33
84 26 67
48 62 3
52 71 98
61 11 97
75 76 37
41 54 55
29 16 45
5 47 66
91 88 3
34 66 96
49 86 5
62 17 11
30 9 85
55 83 24
90 67 82
17 53 33
7 33 36
6 37 12
61 58 61
35 29 87
19 95 1
69 3 81
82 89 7
38 42 11
43 99 74
96 23 25
22 15 99
100 1 1
53 3 4
57 10 21
54 28 35
74 35 78
5 97 10
86 23 47
77 46 98
6 97 77
77 89 75
60 57 42
35 8 16
60 100 78
87 70 20
50 36 93
10 34 82
67 3 26
95 23 15
25 93 2
91 5 25
28 96 15
84 75 56
55 99 81
11 10 80
64 20 30
52 20 71
43 58 83
78 28 94
8 64 34
14 84 31
36 54 38
90 58 66
38 87 35
52 27 39
51 7 31
31 83 25
35 9 73
85 73 70
68 63 40
77 21 90
59 98 12
61 65 100
52 29 5
6 10 20
85 93 63
78 53 78
44 5 97
90 37 82
98 100 65
48 59 23
65 46 89
97 40 45
81 88 84
88 58 41
30 64 56
68 85 59
21 57 20
82 93 96
54 12 86
77 65 16
73 81 29
95 82 27
78 22 46
31 9 91
48 39 20
62 48 83
13 66 1
82 35 76
52 36 12
7 52 33
68 47 78
1 69 27
84 38 75
87 63 16
42 65 78
63 53 74
49 43 41
37 13 100
42 33 8
87 20 40
18 18 95
13 42 34
11 5 82
100 55 38
48 52 2
67 88 33
60 52 78
42 8 52
61 55 7
19 78 93
92 3 36
56 35 42
77 28 9
62 46 8
16 58 42
95 59 36
19 71 93
22 61 99
33 61 4
97 10 17
8 31 78
13 69 20
54 69 77
25 68 86
49 2 81
90 93 62
91 96 80
72 84 72
25 23 43
59 8 29
81 64 70
27 5 38
67 77 35
45 54 78
80 5 56
75 55 81
41 9 44
59 89 41
15 28 37
15 29 66
65 77 35
13 64 42
48 100 7
34 14 7
100 91 95
72 83 63
95 88 7
89 74 71
87 37 39
44 52 32
17 46 54
81 3 94
18 89 10
89 11 13
42 63 85
70 59 36
24 84 57
81 14 29
63 42 23
46 83 61
37 21 1
16 48 34
56 43 8
70 93 6
42 35 78
74 86 76
75 30 25
70 67 75
24 60 67
84 48 1
75 46 17
47 25 9
15 70 53
70 42 40
50 20 90
4 64 27
54 36 40
33 20 79
1 23 57
59 96 91
78 3 72
7 84 22
53 22 1
26 7 46
33 17 14
23 79 47
35 16 42
33 18 17
30 65 81
61 30 32
17 17 24
3 53 40
2 77 57
62 90 75
41 31 52
51 82 15
38 8 35
75 31 59
41 5 75
89 48 41
44 4 23
28 89 30
33 12 86
16 66 92
42 91 58
80 46 30
74 27 60
97 58 73
31 86 25
70 44 46
63 39 40
45 83 96
35 35 60
61 88 67
62 67 78
86 7 52
2 96 76
44 35 57
8 59 6
97 44 64
21 60 67
74 83 52
44 88 41
7 83 47
40 9 35
4 47 1
53 85 73
13 55 55
94 75 65
25 63 58
1 97 39
11 60 98
45 38 11
54 8 62
20 39 43
78 100 69
67 12 75
0 27 62
70 87 37
62 18 5
7 78 53
24 89 95
38 13 28
1 55 20
28 62 38
75 9 23
52 44 12
48 48 69
31 9 89
14 33 90
2 20 12
97 87 65
19 53 6
87 78 17
15 19 12
37 3 58
0 42 24
66 69 9
2 86 38
33 35 34
42 7 15
43 47 33
59 75 48
17 32 44
57 26 71
25 2 9
17 78 67
17 81 100
89 86 90
23 1 19
20 94 40
67 58 20
37 56 98
46 60 87
93 61 47
11 73 54
15 73 20
43 30 26
83 21 71
91 9 77
47 85 3
4 25 17
33 84 61
72 36 27
39 43 22
12 72 15
4 42 74
41 26 27
38 73 58
24 8 15
41 97 68
90 72 20
94 29 61
98 57 37
66 92 12
36 65 62
2 100 54
39 85 37
12 7 78
74 32 16
19 90 69
0 34 29
22 14 70
66 19 66
82 55 91
13 94 70
87 40 57
83 12 56
55 58 79
81 79 13
85 70 9
99 41 62
73 29 39
37 87 8
41 32 82
57 48 78
59 83 100
16 86 48
92 67 54
93 68 55
26 63 84
99 61 22
15 90 92
20 56 69
43 86 20
96 10 58
1 95 53
46 13 17
88 64 68
28 9 52
98 42 24
98 87 25
22 89 58
17 75 28
38 31 43
6 45 79
85 96 27
84 79 77
76 45 72
90 48 65
35 97 48
25 17 18
18 28 91
23 89 93
97 7 12
80 65 25
8 87 8
52 91 16
8 78 93
75 52 73
49 47 74
44 52 32
69 26 21
57 28 81
17 2 33
12 25 45
6 74 32
85 55 91
10 34 81
58 58 81
69 39 59
93 91 57
26 2 42
65 77 89
62 57 13
55 68 37
75 63 74
21 81 30
34 85 73
45 3 87
60 24 94
35 62 33
38 55 3
51 39 32
67 89 59
14 63 94
75 79 54
75 93 5
88 98 52
8 7 32
79 31 94
45 62 57
34 44 91
14 58 26
3 89 85
70 25 2
2 76 15
4 11 83
76 70 22
41 58 27
6 54 76
78 13 34
38 10 22
0 39 48
34 92 25
30 57 67
100 76 79
22 64 65
55 94 47
43 41 16
59 19 85
40 87 59
85 13 84
97 40 88
99 62 71
33 56 65
68 76 65
50 82 26
98 83 39
82 47 46
95 85 81
48 21 33
48 77 79
53 66 72
22 45 39
42 4 54
1 42 57
67 60 11
94 41 86
45 58 69
70 29 55
60 86 100
33 60 68
34 44 71
85 12 5
76 82 99
7 95 21
76 27 10
82 94 57
68 45 5
0 92 67
91 35 47
74 29 63
50 69 97
9 100 8
99 26 64
34 16 89
8 67 44
8 47 90
3 22 39
44 65 58
83 88 33
93 79 38
5 100 52
64 70 73
73 66 59
27 97 67
47 2 34
77 83 32
38 20 36
34 5 87
83 81 21
100 97 2
91 83 54
94 54 91
44 19 7
9 10 84
50 78 61
85 85 34
87 93 35
86 41 9
89 99 82
25 74 22
66 90 100
88 76 98
75 36 52
81 45 30
5 4 81
58 27 76
64 88 26
81 30 41
35 73 75
94 62 11
48 38 28
4 45 66
65 48 46
37 92 57
1 28 70
53 5 47
80 70 89
52 37 89
55 12 25
74 3 72
46 4 73
88 98 54
57 71 100
39 81 80
43 89 76
82 65 54
37 33 85
53 76 77
79 20 6
95 92 84
75 18 15
22 28 37
54 31 99
72 21 28
97 88 98
23 34 79
23 100 5
16 93 89
20 73 91
37 33 18
17 79 13
97 16 13
73 4 82
91 74 34
84 95 42
75 83 75
6 74 68
18 56 55
24 100 35
3 66 73
72 17 12
54 83 44
15 12 1
30 5 55
36 98 27
100 91 18
50 91 58
88 56 9
82 19 81
35 87 31
8 2 87
37 54 52
38 68 94
53 97 9
21 63 84
47 53 21
31 40 41
1 12 64
34 67 6
89 41 20
86 14 22
23 68 11
94 24 53
96 95 29
10 72 100
19 13 36
17 89 70
22 88 73
84 24 17
60 38 13
8 13 21
92 80 87
46 100 80
53 28 74
29 35 24
13 78 5
31 57 62
2 64 93
57 87 8
26 92 27
42 58 87
10 87 38
58 12 24
8 58 1
53 48 96
40 67 34
82 70 56
33 70 76
54 99 95
1 74 53
53 90 67
63 5 13
55 55 17
88 40 84
76 23 47
68 23 92
69 11 77
64 38 29
11 69 57
17 73 94
82 87 30
0 33 60
94 73 33
5 47 9
77 41 62
79 29 41
41 85 37
13 9 61
58 99 46
69 25 52
88 55 34
84 63 8
29 81 85
98 96 13
67 14 93
4 8 40
13 46 10
99 99 99
71 28 4
56 80 4
66 15 25
65 70 12
40 79 88
46 59 25
91 25 16
37 65 24
51 46 69
18 13 17
67 53 15
32 68 96
16 96 54
79 91 11
62 87 92
76 5 76
79 48 79
47 8 15
93 28 75
4 78 15
4 57 29
22 2 57
79 46 84
16 66 96
32 10 75
28 12 87
27 61 19
91 61 19
63 18 95
73 6 68
91 2 82
99 3 95
34 98 65
21 6 39
42 67 86
36 93 63
40 32 40
43 9 84
46 60 37
85 71 33
20 71 63
29 42 62
31 43 35
19 8 1
6 23 99
50 42 68
92 100 81
65 77 76
69 96 3
23 70 19
76 7 28
34 27 91
37 43 86
16 53 10
13 99 9
45 39 23
72 82 11
50 22 62
67 45 84
13 62 100
40 31 94
33 24 78
60 83 20
72 69 8
80 33 25
28 95 98
81 4 75
65 83 43
97 61 94
13 63 44
51 61 95
68 94 26
97 69 86
37 24 17
80 53 38
29 21 89
90 22 23
20 60 5
77 23 24
63 90 6
25 69 7
33 58 9
22 34 52
19 87 86
18 57 73
82 45 77
11 97 8
45 24 7
35 55 63
73 100 14
31 9 97
73 7 6
82 77 39
41 48 10
12 55 55
67 43 20
38 86 11
74 86 67
93 26 48
94 30 1
29 90 66
20 46 39
14 46 40
57 27 68
55 80 45
17 8 18
81 16 88
21 94 36
51 16 83
8 34 45
44 27 57
63 38 11
12 39 71
59 30 95
74 24 4
91 10 23
59 75 32
6 12 13
28 16 5
60 87 90
60 68 69
59 30 79
51 72 5
20 73 83
32 74 85
71 87 7
16 35 59
5 74 9
52 22 97
65 19 26
79 67 41
6 56 93
74 13 7
66 25 14
64 82 82
32 43 54
16 43 68
38 36 53
35 64 17
81 53 85
18 69 54
96 100 18
50 22 39
4 47 5
97 37 34
1 7 59
42 13 34
45 94 28
89 84 47
71 35 27
72 45 65
75 23 60
69 82 83
29 25 59
51 26 61
73 91 41
28 43 83
13 68 39
53 70 66
16 79 40
68 23 60
10 33 56
27 81 7
55 98 32
18 75 8
4 17 11
96 97 9
77 76 20
77 89 85
14 36 81
87 57 12
56 22 38
76 86 17
3 31 48
21 28 21
31 8 81
65 18 82
34 92 69
52 39 2
92 4 28
52 69 42
68 6 13
93 5 46
67 1 56
13 15 91
30 5 25
12 24 3
69 18 21
88 5 55
77 91 2
83 89 31
2 59 23
77 46 25
68 31 60
51 52 94
51 61 55
30 61 23
73 94 6
83 56 97
38 96 19
77 61 9
16 97 9
58 16 65
37 87 64
6 68 91
12 65 66
89 80 48
100 68 14
93 62 88
50 45 96
5 77 3
21 17 22
48 19 14
84 32 46
100 70 91
34 10 100
14 89 2
69 44 38
20 11 46
10 33 33
34 38 11
93 92 92
20 18 1
96 67 6
67 5 11
9 70 2
76 78 55
22 54 16
47 66 45
39 68 89
57 14 13
20 41 6
2 48 25
43 82 18
14 10 10
29 75 87
65 39 45
96 28 17
47 12 95
32 94 82
40 29 19
19 77 72
100 26 16
1 13 64
12 3 26
6 36 66
54 98 4
19 41 36
68 88 23
51 66 33
71 83 38
0 57 27
21 84 62
69 91 72
2 9 3
92 38 94
10 5 43
40 76 92
43 72 63
72 53 57
20 46 23
44 26 6
72 96 80
15 14 85
93 8 68
81 13 32
97 76 47
51 9 46
23 36 86
11 92 53
4 87 25
49 34 10
5 21 40
1 87 71
0 71 40
47 66 68
33 39 73
61 89 91
95 52 21
29 11 42
59 72 79
